+---------------------+------------------------+----------------+-----------+-----------------+----------------+----------------+--------------------+
|       ResNet50      |       layer name       | Neuron numbers |  MACs (M) |    Parameters   |  Input shape   |  Output shape  |       Kernel       |
+---------------------+------------------------+----------------+-----------+-----------------+----------------+----------------+--------------------+
|       input_1       |       InputLayer       |     150528     |     -     |        -        |       -        |       -        |         -          |
|      conv1_conv     |         Conv2D         |     802816     |   118.82  |       9472      | (230, 230, 3)  | (112, 112, 64) |       (7, 7)       |
|       conv1_bn      |   BatchNormalization   |     802816     |    1.61   |       256       | (112, 112, 64) | (112, 112, 64) |         -          |
|      pool1_pool     |      MaxPooling2D      |     200704     |    0.63   |        0        | (114, 114, 64) |  (56, 56, 64)  | 2.0357142857142856 |
| conv2_block1_1_conv |         Conv2D         |     200704     |   13.05   |       4160      |  (56, 56, 64)  |  (56, 56, 64)  |       (1, 1)       |
|  conv2_block1_1_bn  |   BatchNormalization   |     200704     |    0.4    |       256       |  (56, 56, 64)  |  (56, 56, 64)  |         -          |
| conv2_block1_2_conv |         Conv2D         |     200704     |   115.81  |      36928      |  (56, 56, 64)  |  (56, 56, 64)  |       (3, 3)       |
|  conv2_block1_2_bn  |   BatchNormalization   |     200704     |    0.4    |       256       |  (56, 56, 64)  |  (56, 56, 64)  |         -          |
| conv2_block1_0_conv |         Conv2D         |     802816     |   52.18   |      16640      |  (56, 56, 64)  | (56, 56, 256)  |       (1, 1)       |
| conv2_block1_3_conv |         Conv2D         |     802816     |   52.18   |      16640      |  (56, 56, 64)  | (56, 56, 256)  |       (1, 1)       |
|  conv2_block1_0_bn  |   BatchNormalization   |     802816     |    1.61   |       1024      | (56, 56, 256)  | (56, 56, 256)  |         -          |
|  conv2_block1_3_bn  |   BatchNormalization   |     802816     |    1.61   |       1024      | (56, 56, 256)  | (56, 56, 256)  |         -          |
| conv2_block2_1_conv |         Conv2D         |     200704     |   51.58   |      16448      | (56, 56, 256)  |  (56, 56, 64)  |       (1, 1)       |
|  conv2_block2_1_bn  |   BatchNormalization   |     200704     |    0.4    |       256       |  (56, 56, 64)  |  (56, 56, 64)  |         -          |
| conv2_block2_2_conv |         Conv2D         |     200704     |   115.81  |      36928      |  (56, 56, 64)  |  (56, 56, 64)  |       (3, 3)       |
|  conv2_block2_2_bn  |   BatchNormalization   |     200704     |    0.4    |       256       |  (56, 56, 64)  |  (56, 56, 64)  |         -          |
| conv2_block2_3_conv |         Conv2D         |     802816     |   52.18   |      16640      |  (56, 56, 64)  | (56, 56, 256)  |       (1, 1)       |
|  conv2_block2_3_bn  |   BatchNormalization   |     802816     |    1.61   |       1024      | (56, 56, 256)  | (56, 56, 256)  |         -          |
| conv2_block3_1_conv |         Conv2D         |     200704     |   51.58   |      16448      | (56, 56, 256)  |  (56, 56, 64)  |       (1, 1)       |
|  conv2_block3_1_bn  |   BatchNormalization   |     200704     |    0.4    |       256       |  (56, 56, 64)  |  (56, 56, 64)  |         -          |
| conv2_block3_2_conv |         Conv2D         |     200704     |   115.81  |      36928      |  (56, 56, 64)  |  (56, 56, 64)  |       (3, 3)       |
|  conv2_block3_2_bn  |   BatchNormalization   |     200704     |    0.4    |       256       |  (56, 56, 64)  |  (56, 56, 64)  |         -          |
| conv2_block3_3_conv |         Conv2D         |     802816     |   52.18   |      16640      |  (56, 56, 64)  | (56, 56, 256)  |       (1, 1)       |
|  conv2_block3_3_bn  |   BatchNormalization   |     802816     |    1.61   |       1024      | (56, 56, 256)  | (56, 56, 256)  |         -          |
| conv3_block1_1_conv |         Conv2D         |     100352     |   25.79   |      32896      | (56, 56, 256)  | (28, 28, 128)  |       (1, 1)       |
|  conv3_block1_1_bn  |   BatchNormalization   |     100352     |    0.2    |       512       | (28, 28, 128)  | (28, 28, 128)  |         -          |
| conv3_block1_2_conv |         Conv2D         |     100352     |   115.71  |      147584     | (28, 28, 128)  | (28, 28, 128)  |       (3, 3)       |
|  conv3_block1_2_bn  |   BatchNormalization   |     100352     |    0.2    |       512       | (28, 28, 128)  | (28, 28, 128)  |         -          |
| conv3_block1_0_conv |         Conv2D         |     401408     |   103.16  |      131584     | (56, 56, 256)  | (28, 28, 512)  |       (1, 1)       |
| conv3_block1_3_conv |         Conv2D         |     401408     |   51.78   |      66048      | (28, 28, 128)  | (28, 28, 512)  |       (1, 1)       |
|  conv3_block1_0_bn  |   BatchNormalization   |     401408     |    0.8    |       2048      | (28, 28, 512)  | (28, 28, 512)  |         -          |
|  conv3_block1_3_bn  |   BatchNormalization   |     401408     |    0.8    |       2048      | (28, 28, 512)  | (28, 28, 512)  |         -          |
| conv3_block2_1_conv |         Conv2D         |     100352     |   51.48   |      65664      | (28, 28, 512)  | (28, 28, 128)  |       (1, 1)       |
|  conv3_block2_1_bn  |   BatchNormalization   |     100352     |    0.2    |       512       | (28, 28, 128)  | (28, 28, 128)  |         -          |
| conv3_block2_2_conv |         Conv2D         |     100352     |   115.71  |      147584     | (28, 28, 128)  | (28, 28, 128)  |       (3, 3)       |
|  conv3_block2_2_bn  |   BatchNormalization   |     100352     |    0.2    |       512       | (28, 28, 128)  | (28, 28, 128)  |         -          |
| conv3_block2_3_conv |         Conv2D         |     401408     |   51.78   |      66048      | (28, 28, 128)  | (28, 28, 512)  |       (1, 1)       |
|  conv3_block2_3_bn  |   BatchNormalization   |     401408     |    0.8    |       2048      | (28, 28, 512)  | (28, 28, 512)  |         -          |
| conv3_block3_1_conv |         Conv2D         |     100352     |   51.48   |      65664      | (28, 28, 512)  | (28, 28, 128)  |       (1, 1)       |
|  conv3_block3_1_bn  |   BatchNormalization   |     100352     |    0.2    |       512       | (28, 28, 128)  | (28, 28, 128)  |         -          |
| conv3_block3_2_conv |         Conv2D         |     100352     |   115.71  |      147584     | (28, 28, 128)  | (28, 28, 128)  |       (3, 3)       |
|  conv3_block3_2_bn  |   BatchNormalization   |     100352     |    0.2    |       512       | (28, 28, 128)  | (28, 28, 128)  |         -          |
| conv3_block3_3_conv |         Conv2D         |     401408     |   51.78   |      66048      | (28, 28, 128)  | (28, 28, 512)  |       (1, 1)       |
|  conv3_block3_3_bn  |   BatchNormalization   |     401408     |    0.8    |       2048      | (28, 28, 512)  | (28, 28, 512)  |         -          |
| conv3_block4_1_conv |         Conv2D         |     100352     |   51.48   |      65664      | (28, 28, 512)  | (28, 28, 128)  |       (1, 1)       |
|  conv3_block4_1_bn  |   BatchNormalization   |     100352     |    0.2    |       512       | (28, 28, 128)  | (28, 28, 128)  |         -          |
| conv3_block4_2_conv |         Conv2D         |     100352     |   115.71  |      147584     | (28, 28, 128)  | (28, 28, 128)  |       (3, 3)       |
|  conv3_block4_2_bn  |   BatchNormalization   |     100352     |    0.2    |       512       | (28, 28, 128)  | (28, 28, 128)  |         -          |
| conv3_block4_3_conv |         Conv2D         |     401408     |   51.78   |      66048      | (28, 28, 128)  | (28, 28, 512)  |       (1, 1)       |
|  conv3_block4_3_bn  |   BatchNormalization   |     401408     |    0.8    |       2048      | (28, 28, 512)  | (28, 28, 512)  |         -          |
| conv4_block1_1_conv |         Conv2D         |     50176      |   25.74   |      131328     | (28, 28, 512)  | (14, 14, 256)  |       (1, 1)       |
|  conv4_block1_1_bn  |   BatchNormalization   |     50176      |    0.1    |       1024      | (14, 14, 256)  | (14, 14, 256)  |         -          |
| conv4_block1_2_conv |         Conv2D         |     50176      |   115.66  |      590080     | (14, 14, 256)  | (14, 14, 256)  |       (3, 3)       |
|  conv4_block1_2_bn  |   BatchNormalization   |     50176      |    0.1    |       1024      | (14, 14, 256)  | (14, 14, 256)  |         -          |
| conv4_block1_0_conv |         Conv2D         |     200704     |   102.96  |      525312     | (28, 28, 512)  | (14, 14, 1024) |       (1, 1)       |
| conv4_block1_3_conv |         Conv2D         |     200704     |   51.58   |      263168     | (14, 14, 256)  | (14, 14, 1024) |       (1, 1)       |
|  conv4_block1_0_bn  |   BatchNormalization   |     200704     |    0.4    |       4096      | (14, 14, 1024) | (14, 14, 1024) |         -          |
|  conv4_block1_3_bn  |   BatchNormalization   |     200704     |    0.4    |       4096      | (14, 14, 1024) | (14, 14, 1024) |         -          |
| conv4_block2_1_conv |         Conv2D         |     50176      |   51.43   |      262400     | (14, 14, 1024) | (14, 14, 256)  |       (1, 1)       |
|  conv4_block2_1_bn  |   BatchNormalization   |     50176      |    0.1    |       1024      | (14, 14, 256)  | (14, 14, 256)  |         -          |
| conv4_block2_2_conv |         Conv2D         |     50176      |   115.66  |      590080     | (14, 14, 256)  | (14, 14, 256)  |       (3, 3)       |
|  conv4_block2_2_bn  |   BatchNormalization   |     50176      |    0.1    |       1024      | (14, 14, 256)  | (14, 14, 256)  |         -          |
| conv4_block2_3_conv |         Conv2D         |     200704     |   51.58   |      263168     | (14, 14, 256)  | (14, 14, 1024) |       (1, 1)       |
|  conv4_block2_3_bn  |   BatchNormalization   |     200704     |    0.4    |       4096      | (14, 14, 1024) | (14, 14, 1024) |         -          |
| conv4_block3_1_conv |         Conv2D         |     50176      |   51.43   |      262400     | (14, 14, 1024) | (14, 14, 256)  |       (1, 1)       |
|  conv4_block3_1_bn  |   BatchNormalization   |     50176      |    0.1    |       1024      | (14, 14, 256)  | (14, 14, 256)  |         -          |
| conv4_block3_2_conv |         Conv2D         |     50176      |   115.66  |      590080     | (14, 14, 256)  | (14, 14, 256)  |       (3, 3)       |
|  conv4_block3_2_bn  |   BatchNormalization   |     50176      |    0.1    |       1024      | (14, 14, 256)  | (14, 14, 256)  |         -          |
| conv4_block3_3_conv |         Conv2D         |     200704     |   51.58   |      263168     | (14, 14, 256)  | (14, 14, 1024) |       (1, 1)       |
|  conv4_block3_3_bn  |   BatchNormalization   |     200704     |    0.4    |       4096      | (14, 14, 1024) | (14, 14, 1024) |         -          |
| conv4_block4_1_conv |         Conv2D         |     50176      |   51.43   |      262400     | (14, 14, 1024) | (14, 14, 256)  |       (1, 1)       |
|  conv4_block4_1_bn  |   BatchNormalization   |     50176      |    0.1    |       1024      | (14, 14, 256)  | (14, 14, 256)  |         -          |
| conv4_block4_2_conv |         Conv2D         |     50176      |   115.66  |      590080     | (14, 14, 256)  | (14, 14, 256)  |       (3, 3)       |
|  conv4_block4_2_bn  |   BatchNormalization   |     50176      |    0.1    |       1024      | (14, 14, 256)  | (14, 14, 256)  |         -          |
| conv4_block4_3_conv |         Conv2D         |     200704     |   51.58   |      263168     | (14, 14, 256)  | (14, 14, 1024) |       (1, 1)       |
|  conv4_block4_3_bn  |   BatchNormalization   |     200704     |    0.4    |       4096      | (14, 14, 1024) | (14, 14, 1024) |         -          |
| conv4_block5_1_conv |         Conv2D         |     50176      |   51.43   |      262400     | (14, 14, 1024) | (14, 14, 256)  |       (1, 1)       |
|  conv4_block5_1_bn  |   BatchNormalization   |     50176      |    0.1    |       1024      | (14, 14, 256)  | (14, 14, 256)  |         -          |
| conv4_block5_2_conv |         Conv2D         |     50176      |   115.66  |      590080     | (14, 14, 256)  | (14, 14, 256)  |       (3, 3)       |
|  conv4_block5_2_bn  |   BatchNormalization   |     50176      |    0.1    |       1024      | (14, 14, 256)  | (14, 14, 256)  |         -          |
| conv4_block5_3_conv |         Conv2D         |     200704     |   51.58   |      263168     | (14, 14, 256)  | (14, 14, 1024) |       (1, 1)       |
|  conv4_block5_3_bn  |   BatchNormalization   |     200704     |    0.4    |       4096      | (14, 14, 1024) | (14, 14, 1024) |         -          |
| conv4_block6_1_conv |         Conv2D         |     50176      |   51.43   |      262400     | (14, 14, 1024) | (14, 14, 256)  |       (1, 1)       |
|  conv4_block6_1_bn  |   BatchNormalization   |     50176      |    0.1    |       1024      | (14, 14, 256)  | (14, 14, 256)  |         -          |
| conv4_block6_2_conv |         Conv2D         |     50176      |   115.66  |      590080     | (14, 14, 256)  | (14, 14, 256)  |       (3, 3)       |
|  conv4_block6_2_bn  |   BatchNormalization   |     50176      |    0.1    |       1024      | (14, 14, 256)  | (14, 14, 256)  |         -          |
| conv4_block6_3_conv |         Conv2D         |     200704     |   51.58   |      263168     | (14, 14, 256)  | (14, 14, 1024) |       (1, 1)       |
|  conv4_block6_3_bn  |   BatchNormalization   |     200704     |    0.4    |       4096      | (14, 14, 1024) | (14, 14, 1024) |         -          |
| conv5_block1_1_conv |         Conv2D         |     25088      |   25.72   |      524800     | (14, 14, 1024) |  (7, 7, 512)   |       (1, 1)       |
|  conv5_block1_1_bn  |   BatchNormalization   |     25088      |    0.05   |       2048      |  (7, 7, 512)   |  (7, 7, 512)   |         -          |
| conv5_block1_2_conv |         Conv2D         |     25088      |   115.63  |     2359808     |  (7, 7, 512)   |  (7, 7, 512)   |       (3, 3)       |
|  conv5_block1_2_bn  |   BatchNormalization   |     25088      |    0.05   |       2048      |  (7, 7, 512)   |  (7, 7, 512)   |         -          |
| conv5_block1_0_conv |         Conv2D         |     100352     |   102.86  |     2099200     | (14, 14, 1024) |  (7, 7, 2048)  |       (1, 1)       |
| conv5_block1_3_conv |         Conv2D         |     100352     |   51.48   |     1050624     |  (7, 7, 512)   |  (7, 7, 2048)  |       (1, 1)       |
|  conv5_block1_0_bn  |   BatchNormalization   |     100352     |    0.2    |       8192      |  (7, 7, 2048)  |  (7, 7, 2048)  |         -          |
|  conv5_block1_3_bn  |   BatchNormalization   |     100352     |    0.2    |       8192      |  (7, 7, 2048)  |  (7, 7, 2048)  |         -          |
| conv5_block2_1_conv |         Conv2D         |     25088      |   51.41   |     1049088     |  (7, 7, 2048)  |  (7, 7, 512)   |       (1, 1)       |
|  conv5_block2_1_bn  |   BatchNormalization   |     25088      |    0.05   |       2048      |  (7, 7, 512)   |  (7, 7, 512)   |         -          |
| conv5_block2_2_conv |         Conv2D         |     25088      |   115.63  |     2359808     |  (7, 7, 512)   |  (7, 7, 512)   |       (3, 3)       |
|  conv5_block2_2_bn  |   BatchNormalization   |     25088      |    0.05   |       2048      |  (7, 7, 512)   |  (7, 7, 512)   |         -          |
| conv5_block2_3_conv |         Conv2D         |     100352     |   51.48   |     1050624     |  (7, 7, 512)   |  (7, 7, 2048)  |       (1, 1)       |
|  conv5_block2_3_bn  |   BatchNormalization   |     100352     |    0.2    |       8192      |  (7, 7, 2048)  |  (7, 7, 2048)  |         -          |
| conv5_block3_1_conv |         Conv2D         |     25088      |   51.41   |     1049088     |  (7, 7, 2048)  |  (7, 7, 512)   |       (1, 1)       |
|  conv5_block3_1_bn  |   BatchNormalization   |     25088      |    0.05   |       2048      |  (7, 7, 512)   |  (7, 7, 512)   |         -          |
| conv5_block3_2_conv |         Conv2D         |     25088      |   115.63  |     2359808     |  (7, 7, 512)   |  (7, 7, 512)   |       (3, 3)       |
|  conv5_block3_2_bn  |   BatchNormalization   |     25088      |    0.05   |       2048      |  (7, 7, 512)   |  (7, 7, 512)   |         -          |
| conv5_block3_3_conv |         Conv2D         |     100352     |   51.48   |     1050624     |  (7, 7, 512)   |  (7, 7, 2048)  |       (1, 1)       |
|  conv5_block3_3_bn  |   BatchNormalization   |     100352     |    0.2    |       8192      |  (7, 7, 2048)  |  (7, 7, 2048)  |         -          |
|       avg_pool      | GlobalAveragePooling2D |      2048      |    0.1    |        0        |  (7, 7, 2048)  |    (2048,)     |        7.0         |
|     predictions     |         Dense          |      2048      |    2.05   |     2049000     |    (2048,)     |    (1000,)     |         -          |
|        Total        |           -            |    10.74 M     | 3889.84 M | 25.637/25.637 M |       -        |       -        |         -          |
+---------------------+------------------------+----------------+-----------+-----------------+----------------+----------------+--------------------+
